{
  "accessors": [
    {
      "bufferView": 2,
      "componentType": 5126,
      "count": 65532,
      "max": [
        1.0617581605911255,
        10.145656585693359,
        -12.713654518127441
      ],
      "min": [
        -1.7947390079498291,
        -9.7539482116699219,
        -16.270462036132812
      ],
      "type": "VEC3"
    },
    {
      "bufferView": 2,
      "byteOffset": 786384,
      "componentType": 5126,
      "count": 65532,
      "max": [
        0.99999868869781494,
        0.99987530708312988,
        0.99988001585006714
      ],
      "min": [
        -0.99997681379318237,
        -0.99981844425201416,
        -0.99998748302459717
      ],
      "type": "VEC3"
    },
    {
      "bufferView": 1,
      "componentType": 5126,
      "count": 65532,
      "max": [
        0.99644303321838379,
        1.0032613277435303
      ],
      "min": [
        9.6895710157696158e-05,
        0.058536741882562637
      ],
      "type": "VEC2"
    },
    {
      "bufferView": 0,
      "componentType": 5125,
      "count": 303315,
      "max": [
        65531
      ],
      "min": [
        0
      ],
      "type": "SCALAR"
    },
    {
      "bufferView": 2,
      "byteOffset": 1572768,
      "componentType": 5126,
      "count": 65532,
      "max": [
        1.7930252552032471,
        9.8347034454345703,
        -12.625958442687988
      ],
      "min": [
        -3.0844426155090332,
        -0.81465846300125122,
        -16.628253936767578
      ],
      "type": "VEC3"
    },
    {
      "bufferView": 2,
      "byteOffset": 2359152,
      "componentType": 5126,
      "count": 65532,
      "max": [
        0.99988657236099243,
        0.999397873878479,
        0.9999127984046936
      ],
      "min": [
        -0.99997866153717041,
        -0.99969053268432617,
        -0.99999988079071045
      ],
      "type": "VEC3"
    },
    {
      "bufferView": 1,
      "byteOffset": 524256,
      "componentType": 5126,
      "count": 65532,
      "max": [
        0.99711757898330688,
        0.99951720237731934
      ],
      "min": [
        0.0049717491492629051,
        0.0040766322053968906
      ],
      "type": "VEC2"
    },
    {
      "bufferView": 0,
      "byteOffset": 1213260,
      "componentType": 5125,
      "count": 329451,
      "max": [
        65531
      ],
      "min": [
        0
      ],
      "type": "SCALAR"
    },
    {
      "bufferView": 2,
      "byteOffset": 3145536,
      "componentType": 5126,
      "count": 65532,
      "max": [
        3.1408076286315918,
        10.066559791564941,
        -13.261553764343262
      ],
      "min": [
        -2.975813627243042,
        -9.7107133865356445,
        -16.627508163452148
      ],
      "type": "VEC3"
    },
    {
      "bufferView": 2,
      "byteOffset": 3931920,
      "componentType": 5126,
      "count": 65532,
      "max": [
        0.99992775917053223,
        0.99981170892715454,
        0.99999666213989258
      ],
      "min": [
        -0.99998635053634644,
        -0.9998127818107605,
        -0.99998342990875244
      ],
      "type": "VEC3"
    },
    {
      "bufferView": 1,
      "byteOffset": 1048512,
      "componentType": 5126,
      "count": 65532,
      "max": [
        0.99682474136352539,
        0.99963086843490601
      ],
      "min": [
        0.0040726987645030022,
        0.0037293699570000172
      ],
      "type": "VEC2"
    },
    {
      "bufferView": 0,
      "byteOffset": 2531064,
      "componentType": 5125,
      "count": 312735,
      "max": [
        65531
      ],
      "min": [
        0
      ],
      "type": "SCALAR"
    },
    {
      "bufferView": 2,
      "byteOffset": 4718304,
      "componentType": 5126,
      "count": 65532,
      "max": [
        2.6760926246643066,
        10.137725830078125,
        -12.426562309265137
      ],
      "min": [
        -2.9694440364837646,
        -9.3942899703979492,
        -16.618715286254883
      ],
      "type": "VEC3"
    },
    {
      "bufferView": 2,
      "byteOffset": 5504688,
      "componentType": 5126,
      "count": 65532,
      "max": [
        0.99997329711914062,
        0.99932461977005005,
        0.99999666213989258
      ],
      "min": [
        -0.99999725818634033,
        -0.99998784065246582,
        -0.99997460842132568
      ],
      "type": "VEC3"
    },
    {
      "bufferView": 1,
      "byteOffset": 1572768,
      "componentType": 5126,
      "count": 65532,
      "max": [
        0.99591922760009766,
        1.00034499168396
      ],
      "min": [
        0.0011601364240050316,
        0.0039936141110956669
      ],
      "type": "VEC2"
    },
    {
      "bufferView": 0,
      "byteOffset": 3782004,
      "componentType": 5125,
      "count": 302838,
      "max": [
        65531
      ],
      "min": [
        0
      ],
      "type": "SCALAR"
    },
    {
      "bufferView": 2,
      "byteOffset": 6291072,
      "componentType": 5126,
      "count": 65532,
      "max": [
        3.2796456813812256,
        10.22230052947998,
        -13.346717834472656
      ],
      "min": [
        -2.9750299453735352,
        -9.0435285568237305,
        -16.568094253540039
      ],
      "type": "VEC3"
    },
    {
      "bufferView": 2,
      "byteOffset": 7077456,
      "componentType": 5126,
      "count": 65532,
      "max": [
        0.99998563528060913,
        0.9999241828918457,
        0.99999028444290161
      ],
      "min": [
        -0.99999833106994629,
        -0.99982857704162598,
        -0.99996680021286011
      ],
      "type": "VEC3"
    },
    {
      "bufferView": 1,
      "byteOffset": 2097024,
      "componentType": 5126,
      "count": 65532,
      "max": [
        0.99244028329849243,
        0.99964785575866699
      ],
      "min": [
        0.0045750606805086136,
        0.015672549605369568
      ],
      "type": "VEC2"
    },
    {
      "bufferView": 0,
      "byteOffset": 4993356,
      "componentType": 5125,
      "count": 303519,
      "max": [
        65531
      ],
      "min": [
        0
      ],
      "type": "SCALAR"
    },
    {
      "bufferView": 2,
      "byteOffset": 7863840,
      "componentType": 5126,
      "count": 65532,
      "max": [
        2.3715574741363525,
        10.252685546875,
        -12.663199424743652
      ],
      "min": [
        -2.9842720031738281,
        -9.8068780899047852,
        -16.515035629272461
      ],
      "type": "VEC3"
    },
    {
      "bufferView": 2,
      "byteOffset": 8650224,
      "componentType": 5126,
      "count": 65532,
      "max": [
        0.99985933303833008,
        0.99999469518661499,
        0.99999028444290161
      ],
      "min": [
        -0.99997305870056152,
        -0.99975252151489258,
        -0.99999898672103882
      ],
      "type": "VEC3"
    },
    {
      "bufferView": 1,
      "byteOffset": 2621280,
      "componentType": 5126,
      "count": 65532,
      "max": [
        0.9916834831237793,
        0.99976515769958496
      ],
      "min": [
        0.0050238817930221558,
        0.02225961908698082
      ],
      "type": "VEC2"
    },
    {
      "bufferView": 0,
      "byteOffset": 6207432,
      "componentType": 5125,
      "count": 304662,
      "max": [
        65531
      ],
      "min": [
        0
      ],
      "type": "SCALAR"
    },
    {
      "bufferView": 2,
      "byteOffset": 9436608,
      "componentType": 5126,
      "count": 65532,
      "max": [
        2.5645320415496826,
        10.249468803405762,
        -12.638816833496094
      ],
      "min": [
        -3.0470914840698242,
        -9.6938591003417969,
        -16.440273284912109
      ],
      "type": "VEC3"
    },
    {
      "bufferView": 2,
      "byteOffset": 10222992,
      "componentType": 5126,
      "count": 65532,
      "max": [
        0.9999924898147583,
        0.99998140335083008,
        0.99998784065246582
      ],
      "min": [
        -0.99998915195465088,
        -0.99983465671539307,
        -0.99999749660491943
      ],
      "type": "VEC3"
    },
    {
      "bufferView": 1,
      "byteOffset": 3145536,
      "componentType": 5126,
      "count": 65532,
      "max": [
        0.9952847957611084,
        1.0019445419311523
      ],
      "min": [
        0.00031794089591130614,
        0.028210235759615898
      ],
      "type": "VEC2"
    },
    {
      "bufferView": 0,
      "byteOffset": 7426080,
      "componentType": 5125,
      "count": 289104,
      "max": [
        65531
      ],
      "min": [
        0
      ],
      "type": "SCALAR"
    },
    {
      "bufferView": 2,
      "byteOffset": 11009376,
      "componentType": 5126,
      "count": 65532,
      "max": [
        2.8752644062042236,
        10.251995086669922,
        -12.503787040710449
      ],
      "min": [
        -3.1174471378326416,
        -9.331024169921875,
        -16.344596862792969
      ],
      "type": "VEC3"
    },
    {
      "bufferView": 2,
      "byteOffset": 11795760,
      "componentType": 5126,
      "count": 65532,
      "max": [
        0.9999849796295166,
        0.99998140335083008,
        0.99994510412216187
      ],
      "min": [
        -0.99999725818634033,
        -0.99991369247436523,
        -0.99993407726287842
      ],
      "type": "VEC3"
    },
    {
      "bufferView": 1,
      "byteOffset": 3669792,
      "componentType": 5126,
      "count": 65532,
      "max": [
        0.99490547180175781,
        0.99990463256835938
      ],
      "min": [
        0.00082491559442132711,
        0.0038521215319633484
      ],
      "type": "VEC2"
    },
    {
      "bufferView": 0,
      "byteOffset": 8582496,
      "componentType": 5125,
      "count": 291210,
      "max": [
        65531
      ],
      "min": [
        0
      ],
      "type": "SCALAR"
    },
    {
      "bufferView": 2,
      "byteOffset": 12582144,
      "componentType": 5126,
      "count": 65534,
      "max": [
        3.0912597179412842,
        10.24286937713623,
        -12.781533241271973
      ],
      "min": [
        -3.0554420948028564,
        -9.5976486206054688,
        -16.314544677734375
      ],
      "type": "VEC3"
    },
    {
      "bufferView": 2,
      "byteOffset": 13368552,
      "componentType": 5126,
      "count": 65534,
      "max": [
        0.99999326467514038,
        0.99996000528335571,
        0.99995887279510498
      ],
      "min": [
        -0.99999547004699707,
        -0.99998772144317627,
        -0.99991047382354736
      ],
      "type": "VEC3"
    },
    {
      "bufferView": 1,
      "byteOffset": 4194048,
      "componentType": 5126,
      "count": 65534,
      "max": [
        0.9934229850769043,
        0.9998701810836792
      ],
      "min": [
        0.00033572438405826688,
        0.0087534701451659203
      ],
      "type": "VEC2"
    },
    {
      "bufferView": 0,
      "byteOffset": 9747336,
      "componentType": 5125,
      "count": 290313,
      "max": [
        65533
      ],
      "min": [
        0
      ],
      "type": "SCALAR"
    },
    {
      "bufferView": 2,
      "byteOffset": 14154960,
      "componentType": 5126,
      "count": 65532,
      "max": [
        3.2455737590789795,
        10.236892700195312,
        -12.485939979553223
      ],
      "min": [
        -2.9831066131591797,
        -9.6369438171386719,
        -16.172134399414062
      ],
      "type": "VEC3"
    },
    {
      "bufferView": 2,
      "byteOffset": 14941344,
      "componentType": 5126,
      "count": 65532,
      "max": [
        0.9999852180480957,
        0.99995607137680054,
        0.99997532367706299
      ],
      "min": [
        -0.9999048113822937,
        -0.99996566772460938,
        -0.99994683265686035
      ],
      "type": "VEC3"
    },
    {
      "bufferView": 1,
      "byteOffset": 4718320,
      "componentType": 5126,
      "count": 65532,
      "max": [
        0.99516499042510986,
        1.0000059604644775
      ],
      "min": [
        0.00043330027256160975,
        0.0060763568617403507
      ],
      "type": "VEC2"
    },
    {
      "bufferView": 0,
      "byteOffset": 10908588,
      "componentType": 5125,
      "count": 277101,
      "max": [
        65531
      ],
      "min": [
        0
      ],
      "type": "SCALAR"
    },
    {
      "bufferView": 2,
      "byteOffset": 15727728,
      "componentType": 5126,
      "count": 65532,
      "max": [
        3.2803988456726074,
        10.193788528442383,
        -12.485939979553223
      ],
      "min": [
        -2.7729952335357666,
        -9.7877540588378906,
        -15.942629814147949
      ],
      "type": "VEC3"
    },
    {
      "bufferView": 2,
      "byteOffset": 16514112,
      "componentType": 5126,
      "count": 65532,
      "max": [
        0.99999326467514038,
        0.99993377923965454,
        0.99999904632568359
      ],
      "min": [
        -0.99999403953552246,
        -0.99999517202377319,
        -0.99998825788497925
      ],
      "type": "VEC3"
    },
    {
      "bufferView": 1,
      "byteOffset": 5242576,
      "componentType": 5126,
      "count": 65532,
      "max": [
        0.99495035409927368,
        0.99975687265396118
      ],
      "min": [
        0.00024805095745250583,
        0.0038879087660461664
      ],
      "type": "VEC2"
    },
    {
      "bufferView": 0,
      "byteOffset": 12016992,
      "componentType": 5125,
      "count": 285627,
      "max": [
        65531
      ],
      "min": [
        0
      ],
      "type": "SCALAR"
    },
    {
      "bufferView": 2,
      "byteOffset": 17300496,
      "componentType": 5126,
      "count": 65532,
      "max": [
        3.2599411010742188,
        10.053380966186523,
        -12.429170608520508
      ],
      "min": [
        -1.4889787435531616,
        -9.8074007034301758,
        -15.625787734985352
      ],
      "type": "VEC3"
    },
    {
      "bufferView": 2,
      "byteOffset": 18086880,
      "componentType": 5126,
      "count": 65532,
      "max": [
        0.99995273351669312,
        0.99993795156478882,
        0.99999302625656128
      ],
      "min": [
        -0.99996519088745117,
        -0.99977153539657593,
        -0.99724918603897095
      ],
      "type": "VEC3"
    },
    {
      "bufferView": 1,
      "byteOffset": 5766832,
      "componentType": 5126,
      "count": 65532,
      "max": [
        0.99486541748046875,
        0.99987870454788208
      ],
      "min": [
        0.00022899058240000159,
        0.01766345277428627
      ],
      "type": "VEC2"
    },
    {
      "bufferView": 0,
      "byteOffset": 13159500,
      "componentType": 5125,
      "count": 296214,
      "max": [
        65531
      ],
      "min": [
        0
      ],
      "type": "SCALAR"
    },
    {
      "bufferView": 2,
      "byteOffset": 18873264,
      "componentType": 5126,
      "count": 22337,
      "max": [
        1.9905568361282349,
        10.036866188049316,
        -12.424843788146973
      ],
      "min": [
        -1.4569791555404663,
        -9.8074007034301758,
        -16.097116470336914
      ],
      "type": "VEC3"
    },
    {
      "bufferView": 2,
      "byteOffset": 19141308,
      "componentType": 5126,
      "count": 22337,
      "max": [
        0.99989461898803711,
        0.99955713748931885,
        0.99998420476913452
      ],
      "min": [
        -0.99972277879714966,
        -0.99977153539657593,
        -0.99340438842773438
      ],
      "type": "VEC3"
    },
    {
      "bufferView": 1,
      "byteOffset": 6291088,
      "componentType": 5126,
      "count": 22337,
      "max": [
        0.99503540992736816,
        0.99957197904586792
      ],
      "min": [
        0.001950953621417284,
        0.0039759762585163116
      ],
      "type": "VEC2"
    },
    {
      "bufferView": 0,
      "byteOffset": 14344356,
      "componentType": 5125,
      "count": 84777,
      "max": [
        22336
      ],
      "min": [
        0
      ],
      "type": "SCALAR"
    }
  ],
  "asset": {
    "extras": {
      "author": "Steelman14a (https://sketchfab.com/s.2)",
      "license": "CC-BY-4.0 (http://creativecommons.org/licenses/by/4.0/)",
      "source": "https://sketchfab.com/3d-models/redhead-woman-nude-7139309759ad459282d0c61757ee4ab5",
      "title": "RedHead Woman Nude"
    },
    "generator": "Sketchfab-9.55.0",
    "version": "2.0"
  },
  "bufferViews": [
    {
      "buffer": 0,
      "byteLength": 14683464,
      "byteOffset": 0,
      "name": "floatBufferViews",
      "target": 34963
    },
    {
      "buffer": 0,
      "byteLength": 6469784,
      "byteOffset": 14683464,
      "byteStride": 8,
      "name": "floatBufferViews",
      "target": 34962
    },
    {
      "buffer": 0,
      "byteLength": 19409352,
      "byteOffset": 21153248,
      "byteStride": 12,
      "name": "floatBufferViews",
      "target": 34962
    }
  ],
  "buffers": [
    {
      "byteLength": 40562600,
      "uri": "scene.bin"
    }
  ],
  "extensionsUsed": [
    "KHR_materials_unlit"
  ],
  "images": [
    {
      "uri": "textures/material0_baseColor.jpeg"
    }
  ],
  "materials": [
    {
      "doubleSided": true,
      "extensions": {
        "KHR_materials_unlit": {}
      },
      "name": "material0",
      "pbrMetallicRoughness": {
        "baseColorFactor": [
          1,
          1,
          1,
          1
        ],
        "baseColorTexture": {
          "index": 0,
          "texCoord": 0
        },
        "metallicFactor": 0,
        "roughnessFactor": 1
      }
    }
  ],
  "meshes": [
    {
      "name": "Model_material0_0",
      "primitives": [
        {
          "attributes": {
            "NORMAL": 1,
            "POSITION": 0,
            "TEXCOORD_0": 2
          },
          "indices": 3,
          "material": 0,
          "mode": 4
        }
      ]
    },
    {
      "name": "Model_material0_0",
      "primitives": [
        {
          "attributes": {
            "NORMAL": 5,
            "POSITION": 4,
            "TEXCOORD_0": 6
          },
          "indices": 7,
          "material": 0,
          "mode": 4
        }
      ]
    },
    {
      "name": "Model_material0_0",
      "primitives": [
        {
          "attributes": {
            "NORMAL": 9,
            "POSITION": 8,
            "TEXCOORD_0": 10
          },
          "indices": 11,
          "material": 0,
          "mode": 4
        }
      ]
    },
    {
      "name": "Model_material0_0",
      "primitives": [
        {
          "attributes": {
            "NORMAL": 13,
            "POSITION": 12,
            "TEXCOORD_0": 14
          },
          "indices": 15,
          "material": 0,
          "mode": 4
        }
      ]
    },
    {
      "name": "Model_material0_0",
      "primitives": [
        {
          "attributes": {
            "NORMAL": 17,
            "POSITION": 16,
            "TEXCOORD_0": 18
          },
          "indices": 19,
          "material": 0,
          "mode": 4
        }
      ]
    },
    {
      "name": "Model_material0_0",
      "primitives": [
        {
          "attributes": {
            "NORMAL": 21,
            "POSITION": 20,
            "TEXCOORD_0": 22
          },
          "indices": 23,
          "material": 0,
          "mode": 4
        }
      ]
    },
    {
      "name": "Model_material0_0",
      "primitives": [
        {
          "attributes": {
            "NORMAL": 25,
            "POSITION": 24,
            "TEXCOORD_0": 26
          },
          "indices": 27,
          "material": 0,
          "mode": 4
        }
      ]
    },
    {
      "name": "Model_material0_0",
      "primitives": [
        {
          "attributes": {
            "NORMAL": 29,
            "POSITION": 28,
            "TEXCOORD_0": 30
          },
          "indices": 31,
          "material": 0,
          "mode": 4
        }
      ]
    },
    {
      "name": "Model_material0_0",
      "primitives": [
        {
          "attributes": {
            "NORMAL": 33,
            "POSITION": 32,
            "TEXCOORD_0": 34
          },
          "indices": 35,
          "material": 0,
          "mode": 4
        }
      ]
    },
    {
      "name": "Model_material0_0",
      "primitives": [
        {
          "attributes": {
            "NORMAL": 37,
            "POSITION": 36,
            "TEXCOORD_0": 38
          },
          "indices": 39,
          "material": 0,
          "mode": 4
        }
      ]
    },
    {
      "name": "Model_material0_0",
      "primitives": [
        {
          "attributes": {
            "NORMAL": 41,
            "POSITION": 40,
            "TEXCOORD_0": 42
          },
          "indices": 43,
          "material": 0,
          "mode": 4
        }
      ]
    },
    {
      "name": "Model_material0_0",
      "primitives": [
        {
          "attributes": {
            "NORMAL": 45,
            "POSITION": 44,
            "TEXCOORD_0": 46
          },
          "indices": 47,
          "material": 0,
          "mode": 4
        }
      ]
    },
    {
      "name": "Model_material0_0",
      "primitives": [
        {
          "attributes": {
            "NORMAL": 49,
            "POSITION": 48,
            "TEXCOORD_0": 50
          },
          "indices": 51,
          "material": 0,
          "mode": 4
        }
      ]
    }
  ],
  "nodes": [
    {
      "children": [
        1
      ],
      "name": "RootNode (gltf orientation matrix)",
      "rotation": [
        -0.70710678118654746,
        -0,
        -0,
        0.70710678118654757
      ]
    },
    {
      "children": [
        2
      ],
      "matrix": [
        0.087751865386962891,
        0,
        0,
        0,
        0,
        1.9484828281282705e-17,
        -0.087751865386962891,
        0,
        0,
        0.087751865386962891,
        1.9484828281282705e-17,
        0,
        0,
        -14.749225616455078,
        14.30396556854248,
        1
      ],
      "name": "RootNode (model correction matrix)"
    },
    {
      "children": [
        3
      ],
      "matrix": [
        1,
        0,
        0,
        0,
        0,
        -1,
        0,
        0,
        0,
        0,
        -1,
        0,
        0,
        0,
        0,
        1
      ],
      "name": "RedHead_Nude.fbx"
    },
    {
      "children": [
        4,
        18,
        20,
        22,
        24,
        26,
        28,
        30,
        32,
        34,
        36,
        38,
        40,
        42,
        44,
        46,
        48,
        50,
        52,
        54,
        56,
        58,
        60,
        62,
        64,
        66,
        68,
        70,
        72,
        74,
        76,
        78,
        80,
        82,
        84,
        86,
        88,
        90,
        92,
        94,
        96,
        98,
        100,
        102,
        104,
        106,
        108,
        110,
        112,
        114,
        116,
        118,
        120,
        122,
        124,
        126,
        128,
        130,
        132,
        134,
        136,
        138,
        140,
        142,
        144,
        146,
        148,
        150,
        152,
        154,
        156,
        158,
        160,
        162,
        164,
        166,
        168,
        170,
        172,
        174,
        176,
        178,
        180,
        182,
        184,
        186,
        188,
        190,
        192,
        194,
        196,
        198,
        200,
        202,
        204,
        206,
        208,
        210,
        212,
        214,
        216,
        218,
        220,
        222,
        224,
        226,
        228,
        230,
        232,
        234,
        236,
        238,
        240,
        242,
        244,
        246,
        248,
        250,
        252,
        254,
        256,
        258,
        260,
        262,
        264,
        266,
        268,
        270,
        272,
        274,
        276,
        278,
        280,
        282,
        284,
        286,
        288,
        290,
        292,
        294,
        296,
        298,
        300,
        302,
        304,
        306,
        308,
        310,
        312,
        314,
        316,
        318,
        320,
        322,
        324,
        326,
        328,
        330,
        332,
        334,
        336,
        338,
        340,
        342,
        344,
        346,
        348,
        350,
        352,
        354,
        356,
        358,
        360,
        362,
        364,
        366,
        368,
        370,
        372,
        374,
        376,
        378,
        380,
        382,
        384,
        386,
        388
      ],
      "name": "RootNode"
    },
    {
      "children": [
        5,
        6,
        7,
        8,
        9,
        10,
        11,
        12,
        13,
        14,
        15,
        16,
        17
      ],
      "name": "Model"
    },
    {
      "mesh": 0,
      "name": "Model_material0_0"
    },
    {
      "mesh": 1,
      "name": "Model_material0_0"
    },
    {
      "mesh": 2,
      "name": "Model_material0_0"
    },
    {
      "mesh": 3,
      "name": "Model_material0_0"
    },
    {
      "mesh": 4,
      "name": "Model_material0_0"
    },
    {
      "mesh": 5,
      "name": "Model_material0_0"
    },
    {
      "mesh": 6,
      "name": "Model_material0_0"
    },
    {
      "mesh": 7,
      "name": "Model_material0_0"
    },
    {
      "mesh": 8,
      "name": "Model_material0_0"
    },
    {
      "mesh": 9,
      "name": "Model_material0_0"
    },
    {
      "mesh": 10,
      "name": "Model_material0_0"
    },
    {
      "mesh": 11,
      "name": "Model_material0_0"
    },
    {
      "mesh": 12,
      "name": "Model_material0_0"
    },
    {
      "children": [
        19
      ],
      "matrix": [
        -0.34558999451348837,
        0.066324314947077856,
        -0.93603880311607157,
        0,
        0.0018400334936044885,
        0.99754507839525697,
        0.070003077404804687,
        0,
        0.93838380738848515,
        0.022470020387206725,
        -0.34486363713051715,
        0,
        3.9852259159088135,
        7.4355535507202148,
        -2.7727193832397461,
        1
      ],
      "name": "WT_RED_0000.png"
    },
    {
      "name": ""
    },
    {
      "children": [
        21
      ],
      "matrix": [
        -0.67231906407453956,
        0.059707605957448368,
        -0.73784963093625322,
        0,
        0.018367006182313721,
        0.99778049739441732,
        0.064005719301075875,
        0,
        0.7400336000249137,
        0.029480176562892962,
        -0.67192350012779478,
        0,
        8.3213911056518555,
        7.5641937255859375,
        -4.9773244857788086,
        1
      ],
      "name": "WT_RED_0001.png"
    },
    {
      "name": ""
    },
    {
      "children": [
        23
      ],
      "matrix": [
        -0.95754220845851723,
        0.035382799210133466,
        -0.28611357280010569,
        0,
        0.02476389004575083,
        0.99886656272409835,
        0.040648980572048313,
        0,
        0.28722755572923003,
        0.031837829571127754,
        -0.95733311017535172,
        0,
        12.622256278991699,
        7.7955222129821777,
        -10.936018943786621,
        1
      ],
      "name": "WT_RED_0002.png"
    },
    {
      "name": ""
    },
    {
      "children": [
        25
      ],
      "matrix": [
        -0.99776764271179941,
        0.034152860047008883,
        0.057387396769226023,
        0,
        0.035717222495866667,
        0.99901162534891297,
        0.026458504018632666,
        0,
        -0.056427042936165864,
        0.028449157603216813,
        -0.99800131976723749,
        0,
        13.088058471679688,
        7.9326333999633789,
        -15.312541961669922,
        1
      ],
      "name": "WT_RED_0003.png"
    },
    {
      "name": ""
    },
    {
      "children": [
        27
      ],
      "matrix": [
        -0.74711800865247668,
        0.0092664993458660937,
        0.66462682246282401,
        0,
        0.01568726992314155,
        0.99987012456017543,
        0.0036937209393483527,
        0,
        -0.66450627589926925,
        0.013185825794858098,
        -0.74716634244898339,
        0,
        10.279533386230469,
        8.1336460113525391,
        -23.602119445800781,
        1
      ],
      "name": "WT_RED_0004.png"
    },
    {
      "name": ""
    },
    {
      "children": [
        29
      ],
      "matrix": [
        -0.34491978803373469,
        -0.016059584877680888,
        0.93849476799624199,
        0,
        -0.0075877016963133096,
        0.99986865705526606,
        0.014321152937754118,
        0,
        -0.93860149510094615,
        -0.0021813693074174021,
        -0.34499634059249584,
        0,
        4.8890571594238281,
        8.1861763000488281,
        -27.782445907592773,
        1
      ],
      "name": "WT_RED_0005.png"
    },
    {
      "name": ""
    },
    {
      "children": [
        31
      ],
      "matrix": [
        0.16457472164900355,
        -0.01556569095536894,
        0.98624179097178555,
        0,
        -0.015208774487755285,
        0.99971656377123297,
        0.018316257806081936,
        0,
        -0.98624735952636833,
        -0.018013922019377095,
        0.1642913401270627,
        0,
        -2.3743784427642822,
        8.0995616912841797,
        -28.60896110534668,
        1
      ],
      "name": "WT_RED_0006.png"
    },
    {
      "name": ""
    },
    {
      "children": [
        33
      ],
      "matrix": [
        0.53369045495772738,
        -0.022267897681228489,
        0.84538668017651675,
        0,
        -0.010786354982128505,
        0.99939271553626496,
        0.033133890191912721,
        0,
        -0.84561111205637152,
        -0.026801881760588328,
        0.53312616358689247,
        0,
        -8.2085094451904297,
        7.971066951751709,
        -26.489028930664062,
        1
      ],
      "name": "WT_RED_0007.png"
    },
    {
      "name": ""
    },
    {
      "children": [
        35
      ],
      "matrix": [
        0.8831332132044275,
        -9.5399853804732995e-05,
        0.46912228537353795,
        0,
        -0.014958302266438954,
        0.99948577404804961,
        0.028362592774233475,
        0,
        -0.46888375630696477,
        -0.032065220636057497,
        0.88267765616731897,
        0,
        -13.622066497802734,
        7.7381086349487305,
        -20.93409538269043,
        1
      ],
      "name": "WT_RED_0008.png"
    },
    {
      "name": ""
    },
    {
      "children": [
        37
      ],
      "matrix": [
        0.99990402697319614,
        -0.0061069008664024222,
        0.012435537969613917,
        0,
        0.0057376407344405314,
        0.99954783533594516,
        0.029516171059756,
        0,
        -0.01261016738938325,
        -0.029441987654270599,
        0.999486944907925,
        0,
        -15.704022407531738,
        7.5166826248168945,
        -14.305736541748047,
        1
      ],
      "name": "WT_RED_0009.png"
    },
    {
      "name": ""
    },
    {
      "children": [
        39
      ],
      "matrix": [
        0.83540607745087203,
        0.020204669352560552,
        -0.5492617382400683,
        0,
        -0.0074082838236211269,
        0.99964725803910015,
        0.025504447174903917,
        0,
        0.54958329949966289,
        -0.017237483321601542,
        0.83526107659809057,
        0,
        -13.450540542602539,
        7.2855439186096191,
        -5.4958229064941406,
        1
      ],
      "name": "WT_RED_0010.png"
    },
    {
      "name": ""
    },
    {
      "children": [
        41
      ],
      "matrix": [
        0.43053056888671559,
        0.03316551747689056,
        -0.901966450431817,
        0,
        -0.013643331556675169,
        0.99944961898907636,
        0.030237701741779009,
        0,
        0.90247287425058698,
        -0.00071242759647625192,
        0.43074610118816403,
        0,
        -6.7002601623535156,
        7.2370553016662598,
        -1.3209975957870483,
        1
      ],
      "name": "WT_RED_0011.png"
    },
    {
      "name": ""
    },
    {
      "children": [
        43
      ],
      "matrix": [
        -0.029516073853396163,
        0.038418060900142804,
        -0.99882573754431958,
        0,
        -0.012939522911127767,
        0.99916269404600699,
        0.03881339425453343,
        0,
        0.99948055015148418,
        0.014069947526496601,
        -0.02899424848980181,
        0,
        -0.051660485565662384,
        7.2755832672119141,
        0.49079087376594543,
        1
      ],
      "name": "WT_RED_0012.png"
    },
    {
      "name": ""
    },
    {
      "children": [
        45
      ],
      "matrix": [
        -0.3453551426202961,
        0.048240485482485183,
        -0.93723139140029288,
        0,
        -0.0044307325986892646,
        0.99858303756074007,
        0.053030988154140514,
        0,
        0.93846161033595499,
        0.02246714615566061,
        -0.344652046663394,
        0,
        4.6823949813842773,
        7.3691239356994629,
        -0.62752830982208252,
        1
      ],
      "name": "WT_RED_0013.png"
    },
    {
      "name": ""
    },
    {
      "children": [
        47
      ],
      "matrix": [
        0.013938934245474099,
        0.1040426522982818,
        -0.99447515434767852,
        0,
        -0.014207847517448392,
        0.9944919793321666,
        0.10384527005555177,
        0,
        0.99980190196909569,
        0.012681858961854947,
        0.015340380446727253,
        0,
        -0.20530427992343903,
        7.7800807952880859,
        -6.954801082611084,
        1
      ],
      "name": "WT_RED_0014.png"
    },
    {
      "name": ""
    },
    {
      "children": [
        49
      ],
      "matrix": [
        -0.12056111962616334,
        0.1120311721583178,
        -0.98636404684037404,
        0,
        -0.0029994185491352271,
        0.993565897582394,
        0.11321577032224306,
        0,
        0.99270137499796651,
        0.016607938647681286,
        -0.11944938865905441,
        0,
        0.49997320771217346,
        7.7875490188598633,
        -6.9425153732299805,
        1
      ],
      "name": "WT_RED_0015.png"
    },
    {
      "name": ""
    },
    {
      "children": [
        51
      ],
      "matrix": [
        -0.10643094299574751,
        0.11679176700723651,
        -0.98743715624456996,
        0,
        -0.0036881034124160786,
        0.99302454124427941,
        0.11785015222649417,
        0,
        0.99431325660792391,
        0.016184673179150205,
        -0.10525779822810688,
        0,
        0.76725727319717407,
        7.7864880561828613,
        -6.7933735847473145,
        1
      ],
      "name": "WT_RED_0016.png"
    },
    {
      "name": ""
    },
    {
      "children": [
        53
      ],
      "matrix": [
        -0.29685403048991721,
        0.11189675245619946,
        -0.94834424201955647,
        0,
        0.012985662649683968,
        0.99349202988158292,
        0.1131589993209581,
        0,
        0.95483457056572885,
        0.021276826631996017,
        -0.29637516680894849,
        0,
        1.8867813348770142,
        7.8045158386230469,
        -6.9111666679382324,
        1
      ],
      "name": "WT_RED_0017.png"
    },
    {
      "name": ""
    },
    {
      "children": [
        55
      ],
      "matrix": [
        -0.38987134345679886,
        0.10824399175243743,
        -0.91448541475558209,
        0,
        0.020639087407754671,
        0.99384516843795467,
        0.1088384548011804,
        0,
        0.92063801986566141,
        0.023558850184841031,
        -0.38970580821409673,
        0,
        2.5786066055297852,
        7.8200516700744629,
        -7.1258301734924316,
        1
      ],
      "name": "WT_RED_0018.png"
    },
    {
      "name": ""
    },
    {
      "children": [
        57
      ],
      "matrix": [
        -0.48914178118725515,
        0.10490427762327917,
        -0.86587262945152466,
        0,
        0.028932863526750889,
        0.99414583942322998,
        0.10410062135080578,
        0,
        0.87172427252262619,
        0.025867788730763251,
        -0.48931344780322439,
        0,
        3.2105987071990967,
        7.8358020782470703,
        -7.4224967956542969,
        1
      ],
      "name": "WT_RED_0019.png"
    },
    {
      "name": ""
    },
    {
      "children": [
        59
      ],
      "matrix": [
        -0.61975234601031004,
        0.096212713996960908,
        -0.77887748926262879,
        0,
        0.037495450256016999,
        0.99495340114039488,
        0.093068903341873788,
        0,
        0.7839012187927864,
        0.028475309032554741,
        -0.62023224355936635,
        0,
        4.2150506973266602,
        7.8701214790344238,
        -8.0018768310546875,
        1
      ],
      "name": "WT_RED_0020.png"
    },
    {
      "name": ""
    },
    {
      "children": [
        61
      ],
      "matrix": [
        -0.67725225664239042,
        0.10451475710605074,
        -0.72828980936152943,
        0,
        0.049397291907890578,
        0.99408482543537546,
        0.096722631226025091,
        0,
        0.73409079031476498,
        0.029530075959641779,
        -0.67840893728551466,
        0,
        4.7629246711730957,
        7.8869681358337402,
        -8.4323701858520508,
        1
      ],
      "name": "WT_RED_0021.png"
    },
    {
      "name": ""
    },
    {
      "children": [
        63
      ],
      "matrix": [
        -0.78900802185626118,
        0.10047095519519472,
        -0.60611214194127094,
        0,
        0.060531202734143197,
        0.99445059324527185,
        0.086046447281017097,
        0,
        0.61139374787613598,
        0.0312026402134815,
        -0.79071112316805059,
        0,
        5.7587981224060059,
        7.9280633926391602,
        -9.3549690246582031,
        1
      ],
      "name": "WT_RED_0022.png"
    },
    {
      "name": ""
    },
    {
      "children": [
        65
      ],
      "matrix": [
        -0.83869865169837854,
        0.10343584470794925,
        -0.5346827074713334,
        0,
        0.070018988772283935,
        0.99412947625844561,
        0.082485911799625,
        0,
        0.54007583990642383,
        0.031742880519287184,
        -0.84101752460083112,
        0,
        6.129946231842041,
        7.9471783638000488,
        -9.8353233337402344,
        1
      ],
      "name": "WT_RED_0023.png"
    },
    {
      "name": ""
    },
    {
      "children": [
        67
      ],
      "matrix": [
        -0.90698544365886513,
        0.10629641202512399,
        -0.40752727243893316,
        0,
        0.083641935580056698,
        0.99381348458505281,
        0.07306698617937285,
        0,
        0.41277285715433498,
        0.032184323008261205,
        -0.91026520187753346,
        0,
        6.8260655403137207,
        7.9929823875427246,
        -10.919258117675781,
        1
      ],
      "name": "WT_RED_0024.png"
    },
    {
      "name": ""
    },
    {
      "children": [
        69
      ],
      "matrix": [
        -0.94332192199231213,
        0.11806758038790865,
        -0.31016737086623863,
        0,
        0.10203139914798229,
        0.99248932403374779,
        0.067487297078335839,
        0,
        0.31580586612131706,
        0.032015435970468464,
        -0.94828353712536084,
        0,
        7.2638788223266602,
        8.028656005859375,
        -11.992419242858887,
        1
      ],
      "name": "WT_RED_0025.png"
    },
    {
      "name": ""
    },
    {
      "children": [
        71
      ],
      "matrix": [
        -0.99520051673491672,
        0.097301834331666281,
        0.010405985116644272,
        0,
        0.097561567524965337,
        0.99482579034359353,
        0.028344089495273794,
        0,
        -0.0075942104676182554,
        0.029223276731698476,
